0
-1392.44
-1392.48
-1392.65
-1392.8
-1392.92
-1392.99
-1393.03
-1393.03
-1393
-1392.92
-1392.79
-1392.63
-1392.41
-1392.14
-1391.81
-1391.42
-1390.97
-1390.45
-1389.86
-1389.2
-1388.46
-1387.64
-1386.75
-1385.78
-1384.74
-1383.63
-1382.45
-1381.23
-1379.96
-1378.65
-1377.33
-1375.98
-1374.63
-1373.29
-1371.96
-1370.64
-1369.35
-1368.09
-1366.86
-1365.66
-1364.5
-1363.36
-1362.27
-1361.2
-1360.17
-1359.18
-1358.21
-1357.27
-1356.36
-1355.47
-1354.62
-1353.78
-1352.97
-1352.18
-1351.42
-1350.67
-1349.95
-1349.24
-1348.56
-1347.89
-1347.23
-1346.6
-1345.98
-1345.37
-1344.78
-1344.21
-1343.65
-1343.1
-1342.57
-1342.05
-1341.54
-1341.04
-1340.56
-1340.08
-1339.62
-1339.16
-1338.72
-1338.29
-1337.86
-1337.45
-1337.04
-1336.64
-1336.25
-1335.87
-1335.5
-1335.13
-1334.77
-1334.41
-1334.07
-1333.72
-1333.39
-1333.06
-1332.74
-1332.42
-1332.11
-1331.8
-1331.5
-1331.2
-1330.9
-1330.61
-1330.33
-1330.05
-1329.77
-1329.5
-1329.23
-1328.96
-1328.7
-1328.44
-1328.19
-1327.93
-1327.69
-1327.44
-1327.2
-1326.96
-1326.72
-1326.48
-1326.25
-1326.02
-1325.79
-1325.57
-1325.35
-1325.13
-1324.91
-1324.69
-1324.48
-1324.27
-1324.06
-1323.85
-1323.65
-1323.44
-1323.24
-1323.04
-1322.84
-1322.65
-1322.45
-1322.26
-1322.07
-1321.88
-1321.69
-1321.5
-1321.32
-1321.14
-1320.95
-1320.77
-1320.59
-1320.42
-1320.24
-1320.07
-1319.89
-1319.72
-1319.55
-1319.38
-1319.21
-1319.04
-1318.88
-1318.71
-1318.55
-1318.39
-1318.23
-1318.07
-1317.91
-1317.75
-1317.59
-1317.44
-1317.28
-1317.13
-1316.98
-1316.82
-1316.67
-1316.52
-1316.38
-1316.23
-1316.08
-1315.94
-1315.79
-1315.65
-1315.5
-1315.36
-1315.22
-1315.08
-1314.94
-1314.8
-1314.67
-1314.53
-1314.39
-1314.26
-1314.12
-1313.99
-1313.86
-1313.72
-1313.59
-1313.46
-1313.33
-1313.2
-1313.07
-1312.95
-1312.82
-1312.69
-1312.57
-1312.44
-1312.32
-1312.2
-1312.07
-1311.95
-1311.83
-1311.71
-1311.59
-1311.47
-1311.35
-1311.23
-1311.12
-1311
-1310.88
-1310.77
-1310.65
-1310.54
-1310.42
-1310.31
-1310.2
-1310.09
-1309.98
-1309.86
-1309.75
-1309.64
-1309.53
-1309.43
-1309.32
-1309.21
-1309.1
-1309
-1308.89
-1308.78
-1308.68
-1308.57
-1308.47
-1308.37
-1308.26
-1308.16
-1308.06
-1307.96
-1307.86
-1307.75
-1307.65
-1307.55
-1307.45
-1307.36
-1307.26
-1307.16
-1307.06
-1306.96
-1306.87
-1306.77
-1306.68
-1306.58
-1306.48
-1306.39
-1306.3
-1306.2
-1306.11
-1306.02
-1305.92
-1305.83
-1305.74
-1305.65
-1305.56
-1305.47
-1305.38
-1305.29
-1305.2
-1305.11
-1305.02
-1304.93
-1304.84
-1304.75
-1304.67
-1304.58
-1304.49
-1304.41
-1304.32
-1304.23
-1304.15
-1304.06
-1303.98
-1303.9
-1303.81
-1303.73
-1303.65
-1303.56
-1303.48
-1303.4
-1303.32
-1303.23
-1303.15
-1303.07
-1302.99
-1302.91
-1302.83
-1302.75
-1302.67
-1302.59
-1302.51
-1302.44
-1302.36
-1302.28
-1302.2
-1302.12
-1302.05
-1301.97
-1301.89
-1301.82
-1301.74
-1301.67
-1301.59
-1301.52
-1301.44
-1301.37
-1301.29
-1301.22
-1301.15
-1301.07
-1301
-1300.93
-1300.85
-1300.78
-1300.71
-1300.64
-1300.57
-1300.5
-1300.42
-1300.35
-1300.28
-1300.21
-1300.14
-1300.07
-1300
-1299.93
-1299.87
-1299.8
-1299.73
-1299.66
-1299.59
-1299.52
-1299.46
-1299.39
-1299.32
-1299.26
-1299.19
-1299.12
-1299.06
-1298.99
-1298.93
-1298.86
-1298.8
-1298.73
-1298.67
-1298.6
-1298.54
-1298.47
-1298.41
-1298.35
-1298.28
-1298.22
-1298.16
-1298.09
-1298.03
-1297.97
-1297.91
-1297.84
-1297.78
-1297.72
-1297.66
-1297.6
-1297.54
-1297.48
-1297.42
-1297.36
-1297.3
-1297.24
-1297.18
-1297.12
-1297.06
-1297
-1296.94
-1296.88
-1296.82
-1296.76
-1296.71
-1296.65
-1296.59
-1296.53
-1296.48
-1296.42
-1296.36
-1296.3
-1296.25
-1296.19
-1296.13
-1296.08
-1296.02
-1295.97
-1295.91
-1295.86
-1295.8
-1295.75
-1295.69
-1295.64
-1295.58
-1295.53
-1295.47
-1295.42
-1295.36
-1295.31
-1295.26
-1295.2
-1295.15
-1295.1
-1295.04
-1294.99
-1294.94
-1294.89
-1294.83
-1294.78
-1294.73
-1294.68
-1294.62
-1294.57
-1294.52
-1294.47
-1294.42
-1294.37
-1294.32
-1294.27
-1294.22
-1294.17
-1294.12
-1294.07
-1294.02
-1293.97
-1293.92
-1293.87
-1293.82
-1293.77
-1293.72
-1293.67
-1293.62
-1293.57
-1293.52
-1293.48
-1293.43
-1293.38
-1293.33
-1293.28
-1293.24
-1293.19
-1293.14
-1293.09
-1293.05
-1293
-1292.95
-1292.91
-1292.86
-1292.81
-1292.77
-1292.72
-1292.67
-1292.63
-1292.58
-1292.54
-1292.49
-1292.44
-1292.4
-1292.35
-1292.31
-1292.26
-1292.22
-1292.17
-1292.13
-1292.08
-1292.04
-1292
-1291.95
-1291.91
-1291.86
-1291.82
-1291.78
-1291.73
-1291.69
-1291.65
-1291.6
-1291.56
-1291.52
-1291.47
-1291.43
-1291.39
-1291.35
-1291.3
-1291.26
-1291.22
-1291.18
-1291.13
-1291.09
-1291.05
-1291.01
-1290.97
-1290.92
-1290.88
-1290.84
-1290.8
-1290.76
-1290.72
-1290.68
-1290.64
-1290.6
-1290.56
-1290.51
-1290.47
-1290.43
-1290.39
-1290.35
-1290.31
-1290.27
-1290.23
-1290.19
-1290.15
-1290.11
-1290.08
-1290.04
-1290
-1289.96
-1289.92
-1289.88
-1289.84
-1289.8
-1289.76
-1289.72
-1289.69
-1289.65
-1289.61
-1289.57
-1289.53
-1289.49
-1289.46
-1289.42
-1289.38
-1289.34
-1289.3
-1289.27
-1289.23
-1289.19
-1289.15
-1289.12
-1289.08
-1289.04
-1289
-1288.97
-1288.93
-1288.89
-1288.86
-1288.82
-1288.78
-1288.75
-1288.71
-1288.67
-1288.64
-1288.6
-1288.57
-1288.53
-1288.49
-1288.46
-1288.42
-1288.39
-1288.35
-1288.32
-1288.28
-1288.24
-1288.21
-1288.17
-1288.14
-1288.1
-1288.07
-1288.03
-1288
-1287.96
-1287.93
-1287.89
-1287.86
-1287.83
-1287.79
-1287.76
-1287.72
-1287.69
-1287.65
-1287.62
-1287.59
-1287.55
-1287.52
-1287.48
-1287.45
-1287.42
-1287.38
-1287.35
-1287.32
-1287.28
-1287.25
-1287.22
-1287.18
-1287.15
-1287.12
-1287.08
-1287.05
-1287.02
-1286.99
-1286.95
-1286.92
-1286.89
-1286.85
-1286.82
-1286.79
-1286.76
-1286.73
-1286.69
-1286.66
-1286.63
-1286.6
-1286.57
-1286.53
-1286.5
-1286.47
-1286.44
-1286.41
-1286.38
-1286.34
-1286.31
-1286.28
-1286.25
-1286.22
-1286.19
-1286.16
-1286.13
-1286.09
-1286.06
-1286.03
-1286
-1285.97
-1285.94
-1285.91
-1285.88
-1285.85
-1285.82
-1285.79
-1285.76
-1285.73
-1285.7
-1285.67
-1285.64
-1285.61
-1285.58
-1285.55
-1285.52
-1285.49
-1285.46
-1285.43
-1285.4
-1285.37
-1285.34
-1285.31
-1285.28
-1285.25
-1285.22
-1285.2
-1285.17
-1285.14
-1285.11
-1285.08
-1285.05
-1285.02
-1284.99
-1284.96
-1284.94
-1284.91
-1284.88
-1284.85
-1284.82
-1284.79
-1284.77
-1284.74
-1284.71
-1284.68
-1284.65
-1284.62
-1284.6
-1284.57
-1284.54
-1284.51
-1284.49
-1284.46
-1284.43
-1284.4
-1284.37
-1284.35
-1284.32
-1284.29
-1284.27
-1284.24
-1284.21
-1284.18
-1284.16
-1284.13
-1284.1
-1284.08
-1284.05
-1284.02
-1283.99
-1283.97
-1283.94
-1283.91
-1283.89
-1283.86
-1283.84
-1283.81
-1283.78
-1283.76
-1283.73
-1283.7
-1283.68
-1283.65
-1283.62
-1283.6
-1283.57
-1283.55
-1283.52
-1283.5
-1283.47
-1283.44
-1283.42
-1283.39
-1283.37
-1283.34
-1283.32
-1283.29
-1283.26
-1283.24
-1283.21
-1283.19
-1283.16
-1283.14
-1283.11
-1283.09
-1283.06
-1283.04
-1283.01
-1282.99
-1282.96
-1282.94
-1282.91
-1282.89
-1282.86
-1282.84
-1282.81
-1282.79
-1282.77
-1282.74
-1282.72
-1282.69
-1282.67
-1282.64
-1282.62
-1282.6
-1282.57
-1282.55
-1282.52
-1282.5
-1282.47
-1282.45
-1282.43
-1282.4
-1282.38
-1282.36
-1282.33
-1282.31
-1282.28
-1282.26
-1282.24
-1282.21
-1282.19
-1282.17
-1282.14
-1282.12
-1282.1
-1282.07
-1282.05
-1282.03
-1282
-1281.98
-1281.96
-1281.93
-1281.91
-1281.89
-1281.87
-1281.84
-1281.82
-1281.8
-1281.77
-1281.75
-1281.73
-1281.71
-1281.68
-1281.66
-1281.64
-1281.62
-1281.59
-1281.57
-1281.55
-1281.53
-1281.5
-1281.48
-1281.46
-1281.44
-1281.42
-1281.39
-1281.37
-1281.35
-1281.33
-1281.31
-1281.28
-1281.26
-1281.24
-1281.22
-1281.2
-1281.17
-1281.15
-1281.13
-1281.11
-1281.09
-1281.07
-1281.04
-1281.02
-1281
-1280.98
-1280.96
-1280.94
-1280.92
-1280.9
-1280.87
-1280.85
-1280.83
-1280.81
-1280.79
-1280.77
-1280.75
-1280.73
-1280.71
-1280.68
-1280.66
-1280.64
-1280.62
-1280.6
-1280.58
-1280.56
-1280.54
-1280.52
-1280.5
-1280.48
-1280.46
-1280.44
-1280.42
-1280.4
-1280.37
-1280.35
-1280.33
-1280.31
-1280.29
-1280.27
-1280.25
-1280.23
-1280.21
-1280.19
-1280.17
-1280.15
-1280.13
-1280.11
-1280.09
-1280.07
-1280.05
-1280.03
-1280.01
-1279.99
-1279.97
-1279.95
-1279.93
-1279.91
-1279.89
-1279.87
-1279.85
-1279.84
-1279.82
-1279.8
-1279.78
-1279.76
-1279.74
-1279.72
-1279.7
-1279.68
-1279.66
-1279.64
-1279.62
-1279.6
-1279.58
-1279.56
-1279.55
-1279.53
-1279.51
-1279.49
-1279.47
-1279.45
-1279.43
-1279.41
-1279.39
-1279.37
-1279.36
-1279.34
-1279.32
-1279.3
-1279.28
-1279.26
-1279.24
-1279.22
-1279.21
-1279.19
-1279.17
-1279.15
-1279.13
-1279.11
-1279.09
-1279.08
-1279.06
-1279.04
-1279.02
-1279
-1278.98
-1278.97
-1278.95
-1278.93
-1278.91
-1278.89
-1278.87
-1278.86
-1278.84
-1278.82
-1278.8
-1278.78
-1278.77
-1278.75
-1278.73
-1278.71
-1278.69
-1278.68
-1278.66
-1278.64
-1278.62
-1278.61
-1278.59
-1278.57
-1278.55
-1278.53
-1278.52
-1278.5
-1278.48
-1278.46
-1278.45
-1278.43
-1278.41
-1278.39
-1278.38
-1278.36
-1278.34
-1278.32
-1278.31
-1278.29
-1278.27
-1278.26
-1278.24
-1278.22
-1278.2
-1278.19
-1278.17
-1278.15
-1278.13
-1278.12
-1278.1
-1278.08
-1278.07
-1278.05
-1278.03
-1278.02
-1278
-1277.98
-1277.97
-1277.95
-1277.93
-1277.91
-1277.9
-1277.88
-1277.86
-1277.85
-1277.83
-1277.81
-1277.8
-1277.78
-1277.76
-1277.75
-1277.73
-1277.71
-1277.7
-1277.68
-1277.67
-1277.65
-1277.63
-1277.62
-1277.6
-1277.58
-1277.57
-1277.55
-1277.53
-1277.52
-1277.5
-1277.49
-1277.47
-1277.45
-1277.44
-1277.42
-1277.41
-1277.39
-1277.37
-1277.36
-1277.34
-1277.32
-1277.31
-1277.29
-1277.28
-1277.26
-1277.25
-1277.23
-1277.21
-1277.2
-1277.18
-1277.17
-1277.15
-1277.13
-1277.12
-1277.1
-1277.09
-1277.07
-1277.06
-1277.04
-1277.02
-1277.01
-1276.99
-1276.98
-1276.96
-1276.95
-1276.93
-1276.92
-1276.9
-1276.89
-1276.87
-1276.85
-1276.84
-1276.82
-1276.81
-1276.79
-1276.78
-1276.76
-1276.75
-1276.73
-1276.72
-1276.7
-1276.69
-1276.67
-1276.66
-1276.64
-1276.63
-1276.61
-1276.6
-1276.58
-1276.57
-1276.55
-1276.54
-1276.52
-1276.51
-1276.49
-1276.48
-1276.46
-1276.45
-1276.43
-1276.42
-1276.4
-1276.39
-1276.37
-1276.36
-1276.34
-1276.33
-1276.31
-1276.3
-1276.28
-1276.27
-1276.25
-1276.24
-1276.23
-1276.21
-1276.2
-1276.18
-1276.17
-1276.15
-1276.14
-1276.12
-1276.11
-1276.1
-1276.08
-1276.07
-1276.05
-1276.04
-1276.02
-1276.01
-1276
-1275.98
-1275.97
-1275.95
-1275.94
-1275.92
-1275.91
-1275.9
-1275.88
-1275.87
-1275.85
-1275.84
-1275.83
-1275.81
-1275.8
-1275.78
-1275.77
-1275.75
-1275.74
-1275.73
-1275.71
-1275.7
-1275.69
-1275.67
-1275.66
-1275.64
-1275.63
-1275.62
-1275.6
-1275.59
-1275.57
-1275.56
-1275.55
-1275.53
-1275.52
-1275.51
-1275.49
-1275.48
-1275.47
-1275.45
-1275.44
-1275.42
-1275.41
-1275.4
-1275.38
-1275.37
-1275.36
-1275.34
-1275.33
-1275.32
-1275.3
-1275.29
-1275.28
-1275.26
-1275.25
-1275.24
-1275.22
-1275.21
-1275.2
-1275.18
-1275.17
-1275.16
-1275.14
-1275.13
-1275.12
-1275.1
-1275.09
-1275.08
-1275.06
-1275.05
-1275.04
-1275.02
-1275.01
-1275
-1274.98
-1274.97
-1274.96
-1274.95
-1274.93
-1274.92
-1274.91
-1274.89
-1274.88
-1274.87
-1274.85
-1274.84
-1274.83
-1274.82
-1274.8
-1274.79
-1274.78
-1274.76
-1274.75
-1274.74
-1274.73
-1274.71
-1274.7
-1274.69
-1274.67
-1274.66
-1274.65
-1274.64
-1274.62
-1274.61
-1274.6
-1274.59
-1274.57
-1274.56
-1274.55
-1274.53
-1274.52
-1274.51
-1274.5
-1274.48
-1274.47
-1274.46
-1274.45
-1274.43
-1274.42
-1274.41
-1274.4
-1274.38
-1274.37
-1274.36
-1274.35
-1274.33
-1274.32
-1274.31
-1274.3
-1274.28
-1274.27
-1274.26
-1274.25
-1274.23
-1274.22
-1274.21
-1274.2
-1274.19
-1274.17
-1274.16
-1274.15
-1274.14
-1274.12
-1274.11
-1274.1
-1274.09
-1274.08
-1274.06
-1274.05
-1274.04
-1274.03
-1274.01
-1274
-1273.99
-1273.98
-1273.97
-1273.95
-1273.94
-1273.93
-1273.92
-1273.91
-1273.89
-1273.88
-1273.87
-1273.86
-1273.85
-1273.83
-1273.82
-1273.81
-1273.8
-1273.79
-1273.77
-1273.76
-1273.75
-1273.74
-1273.73
-1273.71
-1273.7
-1273.69
-1273.68
-1273.67
-1273.66
-1273.64
-1273.63
-1273.62
-1273.61
-1273.6
-1273.58
-1273.57
-1273.56
-1273.55
-1273.54
-1273.53
-1273.51
-1273.5
-1273.49
-1273.48
-1273.47
-1273.46
-1273.44
-1273.43
-1273.42
-1273.41
-1273.4
-1273.39
-1273.38
-1273.36
-1273.35
-1273.34
-1273.33
-1273.32
-1273.31
-1273.29
-1273.28
-1273.27
-1273.26
-1273.25
-1273.24
-1273.23
-1273.21
-1273.2
-1273.19
-1273.18
-1273.17
-1273.16
-1273.15
-1273.13
-1273.12
-1273.11
-1273.1
-1273.09
-1273.08
-1273.07
-1273.06
-1273.04
-1273.03
-1273.02
-1273.01
-1273
-1272.99
-1272.98
-1272.97
-1272.96
-1272.94
-1272.93
-1272.92
-1272.91
-1272.9
-1272.89
-1272.88
-1272.87
-1272.86
-1272.84
-1272.83
-1272.82
-1272.81
-1272.8
-1272.79
-1272.78
-1272.77
-1272.76
-1272.75
-1272.73
-1272.72
-1272.71
-1272.7
-1272.69
-1272.68
-1272.67
-1272.66
-1272.65
-1272.64
-1272.63
-1272.61
-1272.6
-1272.59
-1272.58
-1272.57
-1272.56
-1272.55
-1272.54
-1272.53
-1272.52
-1272.51
-1272.5
-1272.49
-1272.47
-1272.46
-1272.45
-1272.44
-1272.43
-1272.42
-1272.41
-1272.4
-1272.39
-1272.38
-1272.37
-1272.36
-1272.35
-1272.34
-1272.33
-1272.32
-1272.3
-1272.29
-1272.28
-1272.27
-1272.26
-1272.25
-1272.24
-1272.23
-1272.22
-1272.21
-1272.2
-1272.19
-1272.18
-1272.17
-1272.16
-1272.15
-1272.14
-1272.13
-1272.12
-1272.11
-1272.1
-1272.09
-1272.08
-1272.06
-1272.05
-1272.04
-1272.03
-1272.02
-1272.01
-1272
-1271.99
-1271.98
-1271.97
-1271.96
-1271.95
-1271.94
-1271.93
-1271.92
-1271.91
-1271.9
-1271.89
-1271.88
-1271.87
-1271.86
-1271.85
-1271.84
-1271.83
-1271.82
-1271.81
-1271.8
-1271.79
-1271.78
-1271.77
-1271.76
-1271.75
-1271.74
-1271.73
-1271.72
-1271.71
-1271.7
-1271.69
-1271.68
-1271.67
-1271.66
-1271.65
-1271.64
-1271.63
-1271.62
-1271.61
-1271.6
-1271.59
-1271.58
-1271.57
